4000,105,135,160,52,33,25,114,182,153,367,538,478,466,595,711,658,571,599,594,537,463,440,408,344,391,276,121,140,61,131,106,-100,16,14,133,155,173,295,225,388,403,325,454,448,464,599,613,602,724,793,867,950,849,892,980,776,606,463,516,523,550,582,629,672,721,848,987,1049,1020,1116,1077,882,848,758,658,535,524,447,179,258,188,-24,148,127,19,125,111,17,61,143,82,86,49,78,89,-119,-257,-335,-545,-699,-782,-920,-1098,-1211,-1273,-1397,-1492,-1484,-1503,-1481,-1543,-1579,-1562,-1454,-1355,-1298,-1242,-1163,-1044,-928,-783,-604,-553,-463,-380,-234,-131,-177,-307,-290,-246,-278,-395,-526,-504,-554,-665,-727,-766,-753,-751,-803,-792,-814,-838,-796,-829,-838,-829,-831,-774,-816,-775,-759,-754,-722,-812,-708,-637,-648,-567,-600,-548,-363,-330,-271,-149,-157,-51,1,213,391,500,629,664,892,1046,1016,1048,1068,1084,1068,1135,1006,917,970,865,842,861,780,732,657,570,569,542,546,449,245,174,185,79,-124,-344,-480,-480,-510,-602,-692,-736,-721,-745,-843,-819,-733,-749,-645,-731,-752,-663,-646,-612,-519,-413,-381,-245,-205,-255,18,83,110,290,228,313,551,634,598,707,762,722,927,958,872,905,982,1079,1019,1071,1088,1068,1150,1144,1100,1005,1224,1411,1290,1573,1789,1572,1500,1411,1430,1648,1652,1644,1734,1783,1900,2022,2045,1949,1765,1651,1794,2007,1990,2073,2067,1940,1829,1691,1646,1791,2016,1784,1613,1619,1724,2004,2061,1847,1687,1668,1521,1454,1283,768,159,-596,-1240,-1776,-2428,-3207,-4203,-4847,-5375,-6040,-6620,-7484,-8384,-8953,-9351,-9569,-9406,-9199,-9104,-8770,-8337,-7843,-7352,-7080,-6840,-6600,-6314,-5609,-5274,-4940,-4493,-4028,-3123,-2261,-1539,-683,309,1648,2828,3616,4865,6008,6838,7274,7453,7656,7744,7902,7741,7346,7267,7095,6901,6573,5961,4928,3350,2067,1754,1573,1101,96,-1228,-2742,-3818,-3775,-2945,-2173,-2135,-2719,-3580,-4091,-3675,-2356,-259,2349,5011,7761,10432,12927,15409,17701,19189,19416,18576,17364,16255,15339,14464,13538,12660,11392,10445,9805,8945,8304,7883,7448,6754,6110,5164,3955,2796,1219,-85,-789,-1995,-3422,-4520,-5436,-6333,-7292,-8113,-9092,-10167,-11014,-11714,-12269,-12823,-13501,-14186,-14729,-15007,-15366,-15714,-15849,-15694,-15012,-14102,-13136,-12188,-11185,-10056,-9087,-8043,-6989,-6277,-5401,-4629,-4155,-3736,-3590,-3204,-2964,-2757,-2374,-2108,-1758,-1045,-450,69,618,1078,1436,1868,2320,2677,3304,3755,4097,4551,4870,5352,5683,5949,6301,6464,6814,7096,7404,7747,7868,7996,7912,8110,8405,8175,8032,7953,7467,7125,6876,6402,5739,4923,4097,3513,3009,2215,1194,287,-516,-1377,-2564,-3581,-4590,-5482,-6069,-6723,-7257,-7902,-8482,-8651,-8981,-9198,-9131,-9028,-8869,-8763,-8470,-8015,-7551,-7013,-6275,-5603,-5061,-4408,-3641,-2940,-2187,-1583,-963,-206,282,918,1481,2045,2706,3160,3682,4019,4370,5093,5359,5346,5520,5690,5831,5847,5703,5690,5560,5467,5397,5135,4773,4572,4385,4126,3830,3321,2911,2755,2502,2329,2012,1527,1296,1159,997,546,177,129,-176,-542,-661,-893,-1187,-1363,-1473,-1677,-2016,-2082,-2260,-2523,-2566,-2615,-2519,-2358,-2383,-2411,-2497,-2394,-2375,-2386,-2335,-2498,-2345,-2014,-1852,-1639,-1509,-1333,-1104,-937,-736,-477,-155,-53,60,208,237,406,570,495,676,818,921,1052,950,1058,1074,959,970,994,1078,1038,1047,1115,1095,985,843,816,738,609,560,468,371,225,37,-76,-226,-352,-451,-646,-710,-728,-790,-843,-918,-895,-873,-948,-938,-942,-978,-819,-615,-581,-531,-411,-441,-425,-415,-436,-521,-630,-587,-644,-716,-773,-865,-787,-784,-780,-708,-625,-555,-520,-464,-370,-290,-238,-311,-215,-188,-233,-55,-63,74,269,271,453,545,491,608,655,792,738,647,679,530,560,565,485,537,527,515,406,477,439,206,147,143,232,91,89,244,109,34,-102,-177,-77,-183,-161,-87,-116,39,-40,-97,-12,28,79,165,137,165,216,320,431,374,232,163,121,78,-18,-102,-124,-160,-92,-144,-185,-226,-249,-220,-190,-239,-403,-319,-246,-378,-380,-238,-67,-42,-18,25,127,328,373,464,602,625,757,752,704,799,785,786,640,659,802,705,673,650,579,629,534,461,416,173,179,144,36,116,180,230,323,364,534,805,828,863,1094,1086,1236,1418,1218,1256,1158,983,904,714,751,768,670,543,560,647,592,565,534,488,518,437,374,370,431,505,635,666,715,784,862,968,1026,1109,1291,1389,1478,1582,1667,1668,1752,1803,1574,1591,1558,1433,1499,1380,1186,1054,1097,1100,1028,917,718,554,512,453,232,160,42,-164,-170,-285,-307,-284,-357,-368,-330,-322,-293,-140,-167,-399,-369,-431,-573,-582,-797,-857,-848,-984,-962,-1102,-1174,-948,-1046,-1117,-1110,-1146,-1087,-1063,-1025,-1087,-1139,-928,-807,-807,-742,-833,-677,-685,-790,-754,-870,-729,-621,-612,-471,-429,-220,-103,-276,-212,-116,-131,-141,-224,-309,-375,-353,-402,-540,-525,-610,-676,-625,-681,-689,-690,-660,-653,-670,-697,-686,-724,-738,-565,-564,-584,-451,-461,-479,-405,-397,-316,-264,-351,-404,-403,-490,-523,-511,-487,-549,-584,-484,-330,-291,-319,-230,-143,-202,-258,-271,-287,-385,-489,-462,-576,-551,-485,-637,-606,-545,-444,-396,-415,-413,-342,-145,-83,-114,-55,-6,178,350,392,436,586,661,653,707,726,591,620,633,520,489,390,384,348,37,-76,-185,-398,-527,-617,-708,-736,-708,-694,-702,-642,-639,-613,-467,-446,-465,-361,-160,-77,7,155,251,444,511,520,649,678,640,585,402,363,282,213,66,-26,-178,-346,-231,-348,-456,-440,-534,-572,-549,-517,-536,-383,-249,-246,-134,-74,-87,127,116,69,117,1,72,189,16,-47,-62,9,-18,-74,-1,-42,-11,49,-53,-82,-123,-216,-127,-187,-357,-203,-79,-77,-42,-18,-21,16,77,-12,-75,-35,32,0,12,24,16,74,6,-98,-153,-214,-160,-171,-176,-257,-297,-229,-167,-85,-174,-141,-71,-152,-123,-173,-302,-230,-289,-364,-286,-333,-208,-49,-146,-79,53,156,319,308,338,498,533,673,700,596,586,696,689,598,523,627,705,731,722,783,723,625,735,789,779,807,804,735,726,730,624,799,763,584,623,594,618,650,600,595,612,746,745,753,779,688,848,899,798,817,828,877,942,896,837,926,991,888,924,964,838,1003,974,844,873,799,809,758,754,681,503,500,489,463,516,423,337,359,290,186,136,154,69,-43,-204,-329,-288,-303,-342,-340,-427,-370,-372,-460,-498,-631,-535,-450,-537,-499,-641,-521,-333,-508,-532,-525,-384,-244,-265,-297,-302,-216,-197,-168,-158,-236,-45,-2,-47,-30,-94,47,-14,-8,21,-58,100,36,2,223,222,254,350,324,408,491,549,553,441,384,420,386,293,271,246,203,388,316,228,351,266,291,307,259,285,243,373,377,278,303,293,241,174,221,198,107,45,-80,-164,-149,-216,-246,-441,-491,-525,-667,-627,-658,-676,-660,-759,-676,-817,-962,-808,-865,-873,-881,-949,-880,-919,-865,-804,-819,-713,-740,-823,-723,-740,-782,-862,-936,-933,-993,-930,-1067,-1020,-844,-876,-877,-807,-694,-593,-543,-555,-573,-423,-499,-500,-381,-407,-238,-188,-176,-153,-127,-11,110,135,59,72,241,195,268,361,348,501,608,610,652,405,423,619,583,435,340,453,529,482,448,438,536,634,498,524,569,572,513,497,544,397,398,325,256,361,257,228,137,-4,-92,-183,-146,-200,-235,-267,-324,-212,-215,-315,-376,-430,-319,-238,-300,-417,-455,-453,-387,-306,-241,-255,-199,-72,-100,-18,130,115,99,-5,-40,21,-40,-130,-138,-178,-304,-308,-268,-269,-325,-465,-315,-335,-450,-456,-551,-539,-438,-468,-609,-698,-696,-659,-587,-637,-703,-597,-536,-569,-550,-561,-469,-473,-574,-620,-588,-581,-608,-650,-691,-679,-509,-605,-677,-689,-800,-798,-810,-1057,-1127,-1138,-1229,-1214,-1209,-1254,-1335,-1327,-1273,-1229,-1168,-1155,-1136,-989,-974,-924,-921,-956,-908,-968,-961,-937,-914,-881,-994,-1039,-993,-960,-1029,-1183,-1162,-1018,-939,-1062,-1275,-1402,-1407,-1517,-1832,-2042,-2236,-2602,-2958,-3310,-3707,-4198,-4598,-4746,-4976,-6123,-8803,-12257,-14187,-13514,-12312,-14155,-17450,-16677,-12324,-6859,-884,4395,9054,14081,20225,27366,32735,32656,32535,32422,32511,32401,32390,32372,32316,32251,31117,26085,17987,10980,4562,-1215,-5590,-9732,-13461,-16764,-19756,-22208,-24598,-26826,-28451,-29278,-29291,-28892,-27986,-26536,-24774,-22746,-20776,-19012,-17550,-16163,-14887,-13740,-12677,-11593,-10332,-8958,-7471,-5882,-4232,-2564,-988,482,1784,2954,4161,5244,6184,7016,7681,8294,8692,8986,9178,9165,9132,9083,8604,7908,7197,6379,5452,4401,3244,1932,913,-86,-1228,-2134,-3090,-3845,-4280,-4592,-4686,-4709,-4642,-4143,-3533,-3053,-2434,-1714,-811,-71,488,1238,1928,2675,3170,3473,3797,4066,4358,4348,4195,4018,3928,4196,4084,3575,3402,3606,3867,3797,3484,3435,3746,4008,3769,3564,3568,3669,3622,3122,2686,2373,2009,1168,-450,-2153,-3546,-4169,-4618,-5850,-7674,-9622,-10779,-10571,-9520,-8010,-6829,-5941,-4650,-3139,-1512,-424,424,1697,3235,5104,6857,8286,9674,10644,11392,12292,12933,13111,12708,11597,9519,8916,9015,7616,6603,5869,5301,4875,4425,4078,3787,3754,3558,3248,3017,2680,2305,1962,1479,813,97,-539,-1124,-1695,-2465,-3189,-3610,-4094,-4593,-4945,-5157,-5437,-5696,-5755,-5814,-5770,-5859,-6028,-6221,-6525,-6702,-6798,-7098,-7306,-7484,-7694,-7856,-7895,-7946,-8004,-7872,-7792,-7621,-7337,-7115,-6560,-6149,-5680,-5092,-4606,-4061,-3458,-2723,-2131,-1535,-936,-356,321,894,1395,1953,2397,2833,3144,3458,3802,3938,4117,4164,4223,4272,4141,4094,3897,3712,3513,3280,3059,2671,2227,1942,1566,1307,1020,600,285,17,-171,-420,-541,-724,-871,-854,-1030,-1076,-1012,-1021,-941,-984,-898,-729,-694,-566,-503,-475,-390,-392,-243,-145,-125,-190,-247,-58,99,51,15,101,330,418,562,753,885,1076,1314,1409,1568,1828,1967,2005,1997,2196,2304,2430,2434,2230,2192,2068,2009,2070,1858,1541,1376,1269,1211,1136,1131,1064,1045,1092,875,810,801,746,728,592,505,336,273,303,272,227,-21,-20,24,-272,-435,-616,-667,-552,-650,-760,-827,-789,-781,-789,-966,-999,-765,-763,-832,-876,-825,-628,-693,-768,-708,-685,-529,-437,-448,-280,-177,-229,-296,-327,-341,-368,-301,-324,-392,-225,-123,-150,-132,-43,-182,-322,-278,-297,-188,-79,-71,72,128,222,324,337,588,706,731,968,1125,1245,1204,1149,1154,1104,1132,1169,1097,1206,1287,1291,1452,1487,1287,1177,1151,1062,849,608,501,428,278,70,-143,-294,-466,-861,-715,-609,-902,-780,-819,-1008,-1020,-968,-736,-741,-878,-875,-760,-575,-515,-498,-307,-255,-279,-302,-402,-400,-384,-381,-366,-381,-477,-473,-330,-278,-181,-261,-340,-346,-484,-476,-393,-424,-262,-204,-236,-79,-12,55,165,228,182,231,395,196,69,132,40,144,118,35,-30,34,204,180,162,214,187,302,237,51,185,208,64,149,142,45,132,123,136,158,-35,-259,-187,-138,-274,-453,-643,-779,-931,-948,-1016,-1158,-1204,-1286,-1366,-1251,-1167,-1296,-1250,-1257,-1365,-1248,-1297,-1334,-1262,-1307,-1249,-1154,-1090,-1041,-1147,-1090,-849,-774,-674,-619,-603,-358,-161,-1,167,138,382,645,623,850,1053,1140,1279,1475,1546,1519,1690,1829,1751,1671,1605,1450,1348,1355,1136,923,799,557,335,169,97,7,-191,-313,-252,-247,-286,-282,-291,-272,-265,-389,-424,-282,-284,-367,-246,-164,-305,-218,-70,-49,104,78,112,265,399,542,709,915,1064,1283,1356,1451,1700,1753,1827,1928,1937,2136,2147,2109,2095,2099,2130,1987,2008,1872,1682,1629,1436,1318,1256,1030,845,691,639,546,258,43,-39,-267,-471,-639,-773,-860,-858,-904,-987,-1007,-1046,-959,-897,-966,-993,-1029,-1012,-1003,-1295,-1393,-1311,-1337,-1436,-1472,-1442,-1458,-1280,-1260,-1286,-1048,-1110,-1011,-947,-1047,-859,-911,-894,-704,-678,-639,-654,-612,-467,-493,-584,-618,-518,-438,-551,-533,-345,-273,-302,-278,-197,-244,-181,-188,-433,-363,-284,-416,-327,-209,-260,-259,-331,-208,5,26,76,158,257,374,385,458,638,679,633,591,687,907,1003,983,1064,1065,1168,1233,1099,1018,1065,1014,850,851,859,679,631,612,434,300,283,342,310,153,5,1,137,8,-124,-105,-110,-76,-70,-85,-192,-216,19,57,-52,87,61,5,149,265,210,80,179,168,-128,-200,-237,-264,-122,-136,-250,-350,-338,-225,-137,-225,-259,-42,-44,-140,-112,-165,-47,57,30,123,184,355,407,418,463,377,438,490,302,347,340,413,591,554,467,461,482,302,314,537,328,221,180,67,83,-7,118,-82,-339,-345,-235,-125,-331,-438,-290,-376,-508,-442,-487,-431,-407,-514,-390,-302,-372,-327,-279,-234,-139,-72,-69,133,154,88,375,365,277,187,173,151,110,149,164,203,119,41,173,168,-17,153,269,146,164,303,250,145,359,491,670,735,665,799,760,771,1099,1192,1135,1096,948,933,1067,937,693,552,465,420,372,125,-201,-247,-249,-400,-557,-562,-765,-891,-779,-864,-884,-828,-880,-814,-806,-859,-787,-738,-693,-800,-714,-656,-720,-650,-664,-672,-528,-445,-329,-338,-455,-465,-254,-35,-90,57,66,-99,82,267,211,195,187,146,143,127,123,146,61,-16,-38,-138,-275,-239,-230,-374,-386,-480,-380,-285,-365,-378,-387,-212,-96,-23,55,-38,92,355,335,393,559,561,568,665,585,625,766,601,496,382,378,513,391,308,330,95,-113,17,143,20,-207,-296,-280,-195,-122,-412,-442,-169,-69,-110,-332,-340,-91,15,-165,-292,-137,-113,-129,-34,203,381,401,240,162,234,240,335,366,178,59,248,375,288,96,21,199,295,323,372,229,412,574,460,400,304,401,603,483,470,598,589,584,561,415,403,277,56,-67,-173,-245,-220,-282,-415,-548,-652,-612,-509,-646,-850,-1019,-1081,-1049,-1064,-1052,-1117,-1168,-1250,-1232,-1082,-1260,-1331,-1145,-1065,-1041,-969,-796,-776,-719,-725,-685,-578,-581,-592,-490,-498,-338,-277,-422,-383,-364,-245,-300,-412,-433,-494,-441,-478,-526,-496,-421,-398,-447,-296,-227,-260,-109,-64,-147,-15,-52,89,279,118,139,334,316,407,582,625,730,901,940,1112,1150,1138,1323,1324,1253,1250,1287,1420,1264,1269,1426,1481,1697,1852,1996,2183,1966,1653,1891,2542,3248,3979,4371,4457,4557,4592,4423,4137,3650,2864,2312,1639,660,-296,-1212,-2040,-2795,-3498,-4167,-4698,-5052,-5464,-5665,-5722,-5766,-5633,-5492,-5314,-5173,-4882,-4456,-3980,-3438,-2983,-2458,-1750,-1153,-408,429,1208,1887,2348,2450,2070,2230,4819,9861,12889,9793,4380,3778,5724,2161,-7529,-15661,-15899,-11014,-7417,-6661,-5580,-1985,2152,4045,4002,4139,5238,6362,5938,4386,3346,3386,4270,5530,6661,7431,7557,7806,8842,9838,9406,7587,6144,5582,4583,2510,231,-1230,-1861,-2805,-4790,-6936,-8385,-9218,-10117,-11268,-12111,-12440,-12116,-11413,-10598,-9502,-7867,-6054,-4265,-2546,-858,883,2713,4622,6263,7595,8720,9622,10378,10597,10500,10326,9880,9404,8840,8098,7505,6993,6473,5947,5694,5382,4976,4755,4254,3494,2792,2021,930,-165,-1139,-2232,-3276,-4097,-5074,-6072,-6851,-7632,-8388,-8945,-9340,-9568,-9834,-10090,-10072,-9618,-9086,-8982,-8882,-8013,-6922,-6327,-6174,-6158,-5705,-4912,-4635,-4882,-5031,-4976,-4708,-4844,-5245,-5136,-4774,-4413,-4382,-4628,-4735,-5118,-5911,-6966,-8172,-9632,-11603,-15372,-22011,-28847,-30636,-26659,-20449,-15080,-12381,-9480,-1104,11149,20004,22907,23376,26153,30706,31461,28281,25894,28123,32300,32516,29975,25819,23920,24426,23317,20166,16931,15239,14573,13180,10702,8041,6108,5075,3900,1912,-209,-1675,-2610,-3375,-4185,-5548,-7213,-8040,-7982,-8361,-9652,-11272,-12744,-13772,-11756,-7901,-8053,-10454,-10856,-8812,-6034,-3910,-2770,-2089,-1433,-672,450,1864,3327,4763,6011,7291,8738,10299,12088,13229,13000,12088,11029,9808,8513,7187,5798,4451,3308,2093,1039,366,-257,-755,-1453,-2332,-3202,-4250,-5391,-6522,-8033,-9664,-11307,-12887,-14229,-15568,-16746,-17723,-18580,-19022,-19231,-19235,-18879,-18241,-17308,-16068,-14625,-12952,-10958,-9087,-7256,-5333,-3459,-1602,102,1244,2256,3554,4525,5158,5209,5173,5483,5661,5297,4282,3193,2599,2341,1786,822,-130,-423,-72,56,-146,-45,522,1526,2595,3092,3501,4313,5311,6334,7104,7363,7677,8414,9187,9467,9569,9500,9536,9628,9290,8825,8078,7542,6961,6027,5199,4385,3586,2793,1942,1060,71,-890,-1772,-2666,-3542,-4155,-4774,-5571,-6828,-8349,-8929,-8261,-7220,-6309,-5560,-5663,-6076,-5978,-5913,-6194,-6047,-5514,-4886,-4284,-4097,-4167,-3741,-2756,-2013,-1379,-752,-253,333,815,1152,1556,1751,2079,2678,2746,2872,2802,2764,3273,3543,3518,3270,3013,2915,2753,2882,3050,3092,3279,3411,3643,3831,3825,3637,3311,3089,3053,2857,2257,1795,1502,1203,914,682,255,-83,-158,-440,-660,-641,-767,-858,-829,-982,-1245,-1337,-1213,-1221,-1162,-1123,-1125,-1018,-967,-1008,-992,-986,-991,-905,-965,-897,-753,-719,-587,-556,-558,-335,-140,-294,-193,31,76,189,244,151,137,233,210,212,275,348,451,518,519,572,682,883,984,804,791,1090,1180,1306,1210,1096,1129,1047,1015,849,590,553,452,313,127,-59,-260,-495,-615,-677,-916,-1123,-1241,-1259,-1443,-1758,-1925,-1974,-1996,-2253,-2435,-2446,-2534,-2503,-2460,-2607,-2631,-2589,-2370,-2298,-2404,-2321,-2215,-2078,-2071,-2080,-2006,-1951,-1633,-1427,-1556,-1476,-1388,-1240,-1088,-1085,-1121,-1110,-1081,-1058,-993,-967,-1122,-1130,-963,-889,-754,-654,-528,-379,-210,-7,31,147,245,368,435,478,521,561,575,602,632,639,658,739,873,810,946,1174,1158,1321,1519,1620,1700,1706,1864,1954,2006,1993,1797,1866,1778,1749,1719,1576,1642,1512,1430,1413,1185,1014,876,739,560,366,339,190,-25,-37,0,0,-60,56,196,223,375,469,711,928,1044,1260,1327,1555,1809,1783,1958,2029,1987,2116,2069,1939,1915,1922,1796,1571,1514,1438,1426,1388,1260,1241,1261,1153,1112,1037,962,826,867,901,770,675,557,681,648,513,518,384,381,292,188,172,155,174,87,-60,-126,-180,-316,-586,-798,-1015,-1251,-1318,-1478,-1648,-1804,-1920,-1767,-1727,-1873,-1843,-1864,-1717,-1673,-1794,-1602,-1530,-1485,-1253,-1233,-1118,-937,-827,-621,-532,-446,-236,-62,-11,-42,3,106,253,283,275,370,312,401,536,516,361,156,213,161,-182,-357,-391,-439,-447,-498,-593,-589,-596,-613,-655,-602,-617,-667,-600,-644,-750,-685,-632,-832,-1057,-1128,-1186,-1139,-1251,-1471,-1356,-1329,-1309,-1216,-1281,-1208,-1091,-1121,-1071,-851,-804,-788,-559,-610,-481,-296,-350,-242,-96,-127,-132,-226,-47,108,120,118,85,317,533,610,642,585,706,920,981,1011,1104,1170,1129,1041,995,996,941,885,656,517,703,631,552,557,512,499,565,501,419,437,399,267,287,286,131,64,102,81,-27,-118,-71,77,197,251,254,400,509,552,712,835,894,1122,1089,1150,1291,1237,1402,1344,1231,1274,1119,1044,808,574,530,454,295,57,-17,-56,-257,-297,-359,-512,-584,-651,-497,-408,-532,-489,-471,-300,-282,-366,-371,-351,-210,-242,-319,-441,-469,-289,-350,-433,-434,-559,-472,-402,-461,-442,-444,-368,-243,-296,-330,-260,-127,-18,-50,-37,22,212,289,257,437,395,446,518,388,410,385,401,302,141,94,-88,-198,-288,-459,-621,-778,-869,-911,-1036,-1022,-894,-891,-830,-711,-474,-315,-142,-92,-48,83,191,337,423,472,438,372,478,478,322,192,156,294,374,248,272,449,527,735,737,807,981,956,1192,1396,1376,1303,1292,1364,1317,1380,1373,1290,1243,1200,1209,1140,1103,972,745,594,565,618,480,323,378,334,258,275,153,94,202,233,88,25,42,-45,89,128,15,63,65,-20,84,124,9,74,145,280,206,115,116,95,174,101,-53,-86,-198,-388,-357,-352,-454,-290,-372,-416,-306,-510,-518,-494,-760,-751,-779,-937,-1016,-1110,-1276,-1397,-1388,-1440,-1557,-1589,-1623,-1583,-1439,-1444,-1382,-1182,-1152,-1025,-790,-752,-763,-547,-411,-392,-300,-290,-226,-128,-166,-228,-22,135,124,154,148,127,277,408,303,266,258,325,306,268,209,202,296,236,118,172,220,120,92,143,66,3,45,2,31,-42,-284,-305,-325,-420,-497,-728,-870,-711,-696,-832,-853,-834,-714,-548,-665,-860,-880,-720,-598,-576,-602,-522,-343,-230,-153,-128,-52,169,186,154,165,239,351,317,240,349,447,355,305,296,288,368,300,279,256,125,250,268,268,186,81,94,42,11,-41,-95,-47,-66,-196,-269,-219,5,63,11,-7,113,349,467,501,516,579,738,737,623,691,583,635,729,455,366,312,298,352,186,-41,-152,-89,-158,-307,-388,-595,-478,-463,-568,-603,-707,-576,-379,-400,-430,-505,-490,-360,-371,-391,-402,-376,-241,-350,-421,-306,-270,-365,-307,-329,-403,-350,-216,-251,-321,-345,-364,-229,-328,-295,-262,-307,-79,-33,-65,60,18,136,286,346,356,424,619,746,850,868,1008,1150,1142,1240,1189,1123,1225,1131,1007,1033,980,895,944,881,687,865,890,664,637,583,626,686,505,434,479,457,486,404,330,199,142,147,-87,-137,-169,-300,-301,-351,-427,-401,-411,-485,-449,-453,-487,-553,-552,-527,-533,-434,-368,-323,-260,-87,-33,80,197,186,261,310,336,399,556,584,446,189,-65,125,572,942,1046,1270,1529,1431,1195,240,-820,-819,-815,88,269,-3,220,-354,-574,-662,-260,35,179,244,-422,-522,-474,-790,-955,-956,-564,403,602,798,927,255,-337,-973,-1513,-1358,-1274,-1405,-1230,-1264,-936,-354,-265,-504,-559,-668,-1111,-1458,-1759,-1966,-2541,-2245,-1835,-1214,-486,-340,-572,-824,-914,-1013,-871,-770,-1052,-1336,-1381,-1683,-1431,-1736,-1795,-1199,-863,-120,435,881,440,-420,-865,-880,-557,47,731,987,1219,1256,826,157,45,-123,-137,257,270,703,996,1265,1773,1676,1599,1554,1561,1742,1647,1615,1115,433,403,172,125,315,374,566,703,394,-295,-626,-569,-530,-471,-704,-1118,-1344,-1279,-1360,-1260,-1571,-1751,-1626,-2243,-2522,-2614,-2680,-2858,-3004,-3381,-3884,-3911,-4150,-4746,-5555,-7088,-9631,-12267,-14332,-14000,-14150,-16767,-17215,-13934,-9992,-6694,-2169,4993,13144,19373,22890,24892,27722,31578,32765,32368,32381,32401,32247,31545,29207,25531,21089,15944,10579,5794,1511,-1853,-4850,-7933,-10550,-12977,-15013,-16838,-18589,-20244,-21229,-21262,-21048,-20393,-19334,-18275,-16926,-15469,-14078,-12847,-11693,-10064,-8959,-7916,-6855,-6306,-5206,-3936,-3121,-2056,-1230,-624,317,971,1547,2733,3490,3787,4315,4775,5284,5851,5485,4011,2696,1000,-469,-1573,-3229,-5399,-7026,-7912,-8840,-8710,-8397,-8325,-7679,-7064,-6227,-5162,-3972,-2557,-561,989,2268,3671,4869,6331,7426,8114,8830,9076,9459,9907,9955,10125,10349,10365,10783,10742,10510,10817,10604,10163,9751,9030,8501,8061,7522,7075,6734,6182,5954,5781,5349,4882,4258,3690,2898,2063,1380,696,128,-463,-1031,-1222,-1451,-1802,-1968,-1975,-2029,-2224,-2536,-2961,-3473,-3586,-3613,-3844,-4188,-4638,-5162,-5483,-5892,-6705,-6939,-7427,-7962,-7849,-7986,-7897,-7795,-7746,-7526,-7230,-6630,-6061,-5688,-5376,-5190,-4653,-3979,-3330,-2527,-2019,-1361,-800,-180,428,835,1217,1499,2130,2833,3139,3709,3886,4015,4293,4461,4600,4550,4344,3964,3602,2986,2566,2258,1749,1540,1389,1313,1146,863,527,-170,-671,-1103,-1612,-1794,-2069,-2492,-2822,-3025,-3287,-3381,-3304,-3237,-3048,-2929,-2671,-2432,-2279,-2147,-2326,-2422,-2339,-2206,-2073,-2035,-1554,-1304,-933,-613,-596,-438,-447,-138,59,234,624,868,1254,1409,1553,1782,1822,2004,2138,2247,2483,2523,2627,2680,2769,3038,3240,3503,3701,3750,4015,4148,4025,4049,3776,3759,3660,3348,3213,2742,2538,2539,2395,2389,2325,2467,2235,1880,1678,1271,1263,1170,988,724,210,-132,-503,-805,-903,-1058,-1109,-1042,-928,-939,-1371,-1315,-1499,-1804,-1627,-1815,-1924,-1860,-2062,-2178,-2309,-2410,-2541,-2584,-2379,-2230,-2000,-1740,-1660,-1622,-1527,-1665,-1790,-1768,-1608,-1482,-1542,-1396,-1303,-1082,-764,-715,-713,-582,-431,-227,-144,-45,185,316,586,707,582,769,819,654,810,851,728,774,778,543,462,414,450,746,722,571,572,441,445,448,185,41,-285,-598,-834,-872,-1063,-1294,-1174,-1081,-1050,-973,-906,-844,-915,-940,-1018,-899,-682,-779,-745,-653,-701,-681,-986,-1066,-956,-842,-491,-333,-291,-368,-575,-382,-232,-89,158,289,433,533,699,902,812,577,655,721,998,1281,1302,1235,1142,1198,1103,800,1017,1209,1285,1266,1364,1422,1279,1472,1431,1317,1351,1231,1310,1352,1186,946,820,832,810,743,623,381,231,77,-59,-303,-455,-282,-356,-267,-79,-113,152,98,-182,-158,-301,-290,-174,-378,-641,-736,-733,-783,-646,-512,-399,-94,-35,-86,11,45,71,5,-224,-311,-298,-216,-120,-76,-93,29,379,359,387,421,194,77,9,-63,-84,-95,18,-54,-179,-97,-41,49,70,-64,-237,-214,-199,-353,-470,-603,-530,-276,-325,-475,-620,-828,-722,-509,-659,-779,-777,-721,-675,-688,-657,-834,-973,-1141,-1359,-1476,-1598,-1681,-1670,-1553,-1582,-1648,-1618,-1447,-1356,-1347,-1136,-862,-691,-712,-820,-990,-1029,-1005,-924,-913,-1018,-969,-1040,-1015,-847,-885,-752,-633,-552,-306,-210,128,204,147,162,131,369,497,623,684,613,932,834,557,568,423,348,213,64,113,73,209,516,725,941,1003,1127,1166,987,1131,1313,1294,1254,1299,1499,1581,1601,1622,1611,1788,1811,1794,1757,1444,1238,935,518,240,87,-53,-129,-334,-325,-352,-557,-642,-738,-1011,-1266,-1206,-1116,-1123,-1112,-1025,-823,-821,-817,-712,-670,-528,-526,-576,-504,-657,-632,-553,-388,-102,64,330,355,491,753,665,636,583,424,363,237,73,-79,-20,57,19,42,-11,-141,-53,-6,-200,-452,-411,-359,-458,-375,-314,-173,-103,-154,-52,-120,-53,-85,-283,-265,-231,-114,-19,-28,16,120,373,462,442,700,764,701,722,592,624,483,446,587,531,488,541,743,744,763,1016,979,933,969,863,855,834,670,720,836,697,734,971,894,870,668,396,498,417,184,139,88,164,244,221,184,206,266,49,-19,-76,-205,-34,-37,-183,-229,-213,-79,169,281,214,253,331,287,287,220,42,-18,-34,-133,-216,-65,96,110,106,104,11,-65,-107,-289,-317,-149,-239,-329,-267,-258,-200,-59,71,76,73,-110,-103,97,129,92,58,97,156,126,-97,-319,-426,-559,-794,-1041,-1255,-1391,-1397,-1504,-1427,-1307,-1217,-1160,-1188,-1155,-1302,-1367,-1443,-1808,-1892,-1949,-1992,-1930,-1968,-1851,-1815,-1687,-1341,-1264,-1235,-963,-516,-187,-72,91,230,634,1038,1136,1349,1581,1742,1774,1918,2084,2011,1887,1888,1818,1895,1770,1636,1642,1634,1598,1479,1333,1135,1031,1065,1099,1103,1013,1028,1201,1309,1330,1397,1399,1305,1241,1186,1153,1010,748,668,640,555,410,271,403,470,467,458,269,289,474,494,512,551,567,706,707,796,826,748,875,908,860,939,977,1064,1003,940,972,918,976,934,915,1054,974,674,525,459,164,-216,-268,-329,-388,-440,-688,-839,-834,-907,-884,-933,-1035,-1123,-1232,-1204,-1217,-1296,-1293,-1396,-1537,-1356,-1216,-1263,-1188,-1233,-1330,-1159,-1018,-1072,-987,-986,-904,-756,-801,-742,-683,-659,-684,-713,-606,-756,-774,-790,-897,-786,-806,-771,-699,-819,-774,-783,-797,-706,-808,-906,-895,-925,-1008,-1099,-1147,-1298,-1336,-1343,-1474,-1334,-1199,-1202,-1132,-1128,-972,-735,-644,-520,-577,-568,-596,-376,-319,-543,-551,-588,-431,-401,-436,-452,-548,-431,-288,-344,-408,-484,-490,-459,-415,-496,-496,-454,-362,-295,-408,-326,-152,-165,-225,-163,-38,145,262,223,198,284,430,500,434,503,566,718,830,695,675,744,855,961,870,822,921,909,862,899,889,804,801,897,668,495,587,479,384,413,254,196,224,276,68,-113,-170,-241,-198,-379,-602,-605,-606,-630,-626,-753,-667,-381,-230,-172,-175,-89,141,247,169,194,271,338,450,479,491,682,736,699,679,618,637,601,578,397,138,124,86,28,-80,-216,-252,-333,-346,-284,-347,-517,-481,-289,-128,-15,49,141,227,367,446,507,598,633,624,721,650,608,741,675,584,511,535,669,567,446,463,464,410,308,275,350,327,184,172,199,144,217,304,297,177,91,381,546,386,324,277,503,655,496,522,589,585,581,519,525,514,516,638,666,721,838,977,953,932,1019,937,913,970,978,865,795,763,747,748,673,611,573,538,506,438,385,411,306,188,82,46,93,-6,-308,-480,-490,-557,-722,-873,-824,-894,-848,-892,-1059,-890,-833,-751,-794,-905,-847,-811,-717,-716,-698,-720,-745,-480,-423,-418,-417,-305,-193,-156,-108,-152,-34,-36,-85,-23,-98,-204,-177,-88,-181,-170,-298,-400,-158,-175,-292,-365,-417,-398,-497,-511,-573,-588,-517,-567,-671,-644,-553,-508,-596,-618,-524,-405,-301,-280,-260,-151,-113,-37,-30,-86,-16,138,104,85,284,350,453,517,457,692,935,1093,1104,1103,1373,1387,1484,1613,1476,1476,1548,1632,1555,1580,1640,1589,1566,1581,1295,1199,1124,942,784,615,453,316,191,-1,-216,-391,-553,-495,-615,-823,-1006,-1150,-1070,-1227,-1465,-1435,-1571,-1479,-1279,-1297,-1312,-1283,-1103,-1089,-1173,-1090,-1031,-879,-769,-677,-481,-372,-330,-253,-183,-34,79,196,304,391,579,589,603,801,823,757,852,904,1021,1124,1086,1054,1201,1333,1337,1341,1349,1411,1324,1413,1417,1097,1115,1063,866,791,608,564,619,508,579,528,386,398,251,49,5,-32,-183,-492,-691,-847,-932,-964,-988,-931,-928,-669,-401,-487,-387,-285,-359,-436,-353,-286,-221,48,-67,-404,-274,-194,-301,-490,-806,-1100,-1551,-2074,-2725,-3505,-4027,-4512,-5040,-5499,-6188,-6597,-6911,-7088,-7284,-7480,-7383,-7305,-7018,-6664,-6445,-6137,-5653,-5244,-5160,-4965,-4790,-4747,-4617,-4329,-3551,-2470,-1331,-400,516,1718,2764,3831,5085,6078,6894,7407,8226,9442,10106,10345,10291,9856,9464,8807,8028,7325,6613,6038,5500,4875,4397,3912,3297,2813,2395,1877,1625,1448,1184,1162,1299,1233,870,520,45,-240,50,589,982,197,-981,-967,34,1485,2882,4089,5515,7053,7883,7342,6530,6393,7017,8056,8998,9788,10508,11658,13143,14402,14924,14400,13361,12024,10074,7703,5258,2663,27,-2684,-5331,-7831,-10384,-12717,-14628,-16354,-17870,-19149,-20233,-21344,-22157,-22677,-23180,-23394,-23258,-22800,-22036,-20876,-19372,-17590,-15558,-13553,-11320,-9063,-7008,-4801,-2679,-692,1240,3070,4555,5950,7188,8483,9504,10206,10782,11211,11362,11288,11082,10510,9789,8949,7954,6819,5503,4423,3398,2465,1069,-248,-594,-1047,-1790,-2365,-2535,-2485,-2384,-2134,-1950,-1662,-985,-265,318,1019,1648,2247,2759,3174,3625,3947,4354,4647,4775,4961,4967,4950,4983,4744,4643,4437,3914,3437,2847,2308,1651,779,30,-556,-1225,-2047,-2619,-3120,-3778,-4275,-4589,-4732,-4969,-5241,-5319,-5177,-5014,-4857,-4657,-4324,-4015,-3701,-3328,-2792,-2226,-1817,-1329,-694,-314,36,573,1204,1614,1718,1894,2162,2476,2914,3022,2909,3023,3188,3399,3569,3656,3660,3733,3656,3543,3632,3641,3743,3705,3527,3316,3072,2964,2668,2322,2064,1755,1494,1139,707,257,-63,-209,-581,-1119,-1265,-1317,-1608,-1944,-2302,-2666,-2459,-2202,-2277,-2503,-2601,-2593,-2642,-2586,-2662,-2589,-2408,-2383,-2412,-2415,-2394,-2504,-2383,-2186,-2086,-1918,-1915,-1889,-1575,-1457,-1412,-1229,-1023,-899,-761,-679,-784,-661,-489,-560,-545,-455,-296,-227,-184,-35,202,487,658,560,444,643,1032,1056,843,751,899,976,1008,935,900,925,961,1015,914,928,807,696,807,693,513,595,584,455,332,348,341,366,331,320,307,259,388,387,380,391,262,251,278,251,259,113,71,191,255,246,30,80,12,-189,-300,-414,-298,-347,-494,-474,-457,-394,-467,-497,-478,-517,-361,-381,-512,-380,-289,-233,-217,-313,-162,52,10,71,110,49,63,203,277,311,408,453,638,848,758,827,623,659,1186,1284,1060,921,1191,1567,1663,1565,1411,1423,1551,1474,1386,1329,1178,954,790,424,-442,-1448,-2093,-2023,-1279,-111,908,1153,656,-282,-1307,-2021,-2284,-1919,-1049,-26,1090,1998,2195,2262,1968,1225,601,-175,-904,-1641,-2168,-2240,-2016,-1504,-962,-182,526,1196,1755,1967,2247,2121,1919,1699,1313,975,615,242,-259,-536,-856,-1348,-1600,-1712,-1630,-1563,-1728,-1841,-1707,-1647,-1336,-938,-852,-633,-359,-177,-28,178,359,501,775,952,942,1086,1222,1293,1361,1313,1085,982,1011,973,893,725,534,322,150,-36,-209,-315,-371,-515,-585,-687,-728,-698,-708,-765,-600,-462,-200,-76,-309,-4,312,426,701,770,895,1097,1369,1490,1512,1690,1608,1563,1647,1575,1559,1619,1545,1302,1153,950,619,567,580,360,2,-215,-253,-343,-277,-353,-469,-377,-233,-19,167,263,450,511,502,505,290,204,45,-178,-347,-685,-952,-1155,-1319,-1483,-1661,-1756,-1856,-1959,-2176,-2283,-2242,-2401,-2450,-2444,-2431,-2331,-2475,-2551,-2451,-2255,-2209,-2378,-2500,-2529,-2236,-1944,-2083,-2231,-2288,-2435,-2362,-2028,-1876,-1835,-1841,-1688,-1360,-1273,-1019,-750,-653,-238,103,384,544,592,883,1208,1244,1209,1312,1320,1210,1113,919,682,567,522,461,240,281,254,10,40,54,95,199,173,227,235,462,820,993,1080,1126,1459,1652,1687,1858,2043,2211,2263,2283,2494,2551,2576,2626,2584,2561,2472,2393,2237,2145,2128,2019,1828,1737,1546,1427,1358,1191,1031,852,764,754,754,713,671,789,912,988,1118,1012,983,999,1052,947,905,761,507,475,343,227,71,-255,-422,-660,-846,-1088,-1303,-1224,-1358,-1541,-1529,-1647,-1590,-1598,-1669,-1665,-1756,-1752,-1702,-1746,-1821,-1790,-1761,-1864,-1825,-1804,-1870,-1756,-1723,-1833,-1846,-1720,-1616,-1600,-1616,-1578,-1572,-1438,-1259,-1315,-1309,-1326,-1305,-1242,-1115,-1098,-1146,-1052,-956,-855,-813,-704,-424,-382,-395,-141,-127,-96,120,123,178,310,426,528,517,597,645,786,769,851,954,946,974,1032,1004,901,939,892,797,800,765,650,626,610,531,595,530,577,646,754,875,766,963,1144,1087,1240,1343,1354,1427,1341,1317,1411,1415,1272,1168,933,701,937,1397,1300,865,859,989,1012,1033,990,893,963,955,904,935,1011,992,988,1054,1063,1101,1082,978,999,1169,1036,974,1041,776,890,1045,887,861,845,916,966,908,917,903,817,812,830,704,613,689,523,445,409,191,154,-31,-148,-156,-348,-476,-561,-700,-735,-715,-715,-753,-724,-639,-683,-746,-778,-802,-808,-959,-1195,-1218,-1157,-1203,-1258,-1293,-1403,-1394,-1480,-1668,-1725,-1941,-1850,-1663,-1655,-1584,-1481,-1157,-914,-744,-586,-545,-398,-424,-624,-580,-415,-201,-195,-154,-108,-50,193,292,220,29,-111,-95,-265,-428,-508,-654,-625,-521,-683,-768,-722,-803,-809,-616,-666,-858,-884,-803,-813,-843,-917,-888,-871,-897,-914,-1030,-1026,-911,-915,-1016,-1095,-1036,-935,-846,-857,-808,-746,-727,-507,-429,-469,-373,-301,-293,-300,-196,-76,-147,-139,-23,-172,-20,151,169,224,321,460,528,553,678,758,798,900,953,918,907,1076,1076,1012,1091,1134,1178,1243,1178,1002,955,996,990,925,822,879,951,924,922,987,1011,1082,1163,962,988,943,797,811,579,423,339,286,160,-37,-119,-244,-281,-221,-173,-328,-496,-344,-421,-599,-509,-516,-499,-517,-616,-639,-535,-464,-380,-273,-261,-361,-260,-249,-372,-386,-368,-389,-297,-324,-295,-344,-313,-69,-2,-61,-95,4,16,19,73,-22,-9,8,-24,-6,42,33,96,90,-51,-29,88,56,54,9,-82,11,69,158,208,119,288,329,279,389,514,726,730,722,688,691,758,916,905,910,849,884,923,827,779,643,636,538,246,-24,-43,247,206,-835,-800,828,1150,786,409,335,735,821,727,624,657,724,754,838,715,533,570,566,700,760,674,731,853,912,962,891,698,712,727,627,499,281,198,103,-104,-285,-374,-482,-628,-649,-796,-1052,-1064,-1052,-1190,-1233,-1319,-1291,-1073,-1077,-1055,-1110,-950,-813,-918,-888,-891,-881,-780,-835,-900,-948,-1051,-959,-938,-1113,-1093,-1056,-1097,-1114,-1100,-1117,-977,-818,-857,-841,-715,-570,-573,-461,-301,-410,-252,-85,-167,-39,10,131,229,171,208,274,249,420,490,428,506,476,507,584,599,390,298,419,313,174,83,-57,-166,-276,-295,-424,-486,-613,-725,-870,-1035,-1026,-1083,-1236,-1262,-1347,-1324,-1332,-1457,-1505,-1663,-1813,-1929,-2097,-2218,-2321,-2576,-2795,-3070,-3388,-3698,-4081,-4552,-5461,-7580,-10820,-12976,-13061,-14451,-17293,-16768,-13294,-10447,-7440,-2583,4803,13413,19932,23084,24469,26541,30017,32753,32552,32122,30237,26077,22814,20355,16938,12907,8498,4447,932,-2041,-4744,-7228,-9445,-11450,-13032,-14276,-15235,-15994,-16755,-16932,-16556,-15827,-14890,-13604,-12089,-10332,-8492,-6833,-5247,-3753,-2380,-1150,-117,841,1700,2636,3602,4337,4896,5389,5875,6159,6136,5821,5094,4041,3025,1861,611,-792,-2382,-3888,-5023,-5842,-6148,-6249,-6149,-5824,-5438,-4732,-3947,-2920,-2179,-1510,-652,-195,340,835,1000,1309,1509,1523,1750,1820,1711,1671,1984,2291,2395,2656,3015,3382,3821,4096,4273,4525,4850,4959,4842,4854,4846,4657,4552,4345,4020,3798,3593,3398,3373,3306,3011,2891,2840,2693,2621,2496,2273,2085,1804,1610,1496,1150,749,479,134,-144,-368,-787,-1102,-1378,-1806,-2118,-2527,-2891,-3143,-3564,-3731,-4003,-4409,-4520,-4521,-4569,-4683,-4823,-4796,-4793,-4693,-4633,-4588,-4323,-4085,-3907,-3630,-3373,-3006,-2583,-2220,-1809,-1442,-1070,-683,-436,-188,16,120,283,430,505,597,809,1074,1254,1303,1390,1488,1495,1387,1258,1179,948,829,681,524,389,122,-101,-275,-409,-460,-513,-628,-844,-1019,-1241,-1384,-1450,-1468,-1529,-1768,-1838,-1974,-2039,-1988,-2005,-2006,-2024,-1836,-1712,-1765,-1660,-1454,-1166,-941,-898,-700,-462,-137,312,591,749,919,1280,1472,1492,1517,1469,1419,1389,1282,1254,1283,1265,1385,1490,1498,1812,2062,2144,2352,2566,2594,2771,2865,2801,2835,2777,3039,3106,2762,2768,2804,2824,2739,2650,2486,2240,2105,1834,1749,1751,1527,1392,1178,1104,1136,895,787,784,590,389,267,293,217,93,-11,-156,-71,-41,-242,-279,-367,-458,-534,-606,-720,-922,-899,-948,-1086,-1063,-1163,-1188,-1074,-1011,-922,-876,-796,-628,-502,-485,-348,-233,-112,45,202,302,452,619,608,614,691,799,889,889,866,915,1041,1015,1082,1003,804,1034,1196,1049,892,732,721,653,535,421,200,183,282,162,25,-97,-81,-63,-73,-174,-257,-159,-230,-255,-198,-209,-158,-280,-417,-252,-242,-396,-475,-505,-493,-574,-545,-548,-620,-631,-709,-685,-591,-556,-660,-717,-543,-542,-561,-392,-305,-58,30,-58,-55,47,228,339,364,331,345,533,616,526,436,443,459,448,417,294,239,200,29,-30,-230,-364,-268,-410,-431,-459,-650,-552,-532,-649,-730,-782,-781,-795,-853,-940,-994,-935,-1023,-1309,-1291,-1097,-1037,-1020,-1134,-1301,-1302,-1218,-1062,-1046,-1133,-1102,-1139,-1027,-955,-1072,-988,-920,-1031,-1120,-1142,-1066,-951,-910,-768,-668,-724,-657,-602,-496,-385,-469,-375,-300,-447,-448,-519,-639,-608,-605,-567,-552,-594,-518,-389,-351,-328,-298,-129,-188,-400,-281,-158,-198,-144,-166,-93,83,91,91,190,131,256,422,285,421,477,433,645,527,534,701,581,573,496,425,399,227,110,46,-108,-109,-10,-17,-11,-3,73,338,380,370,456,417,545,715,639,667,726,636,615,582,479,640,661,446,170,-47,-193,-362,-462,-667,-888,-797,-813,-909,-834,-866,-894,-815,-769,-822,-884,-893,-725,-722,-671,-386,-362,-220,21,-69,-1,293,284,294,235,75,95,55,-36,-106,-251,-190,-268,-457,-500,-537,-481,-468,-351,-290,-328,-288,-187,20,237,338,387,517,756,830,863,1018,1204,1276,1388,1370,1337,1522,1503,1448,1495,1304,1319,1405,1190,1176,1106,968,889,788,748,593,595,577,412,395,377,302,310,320,351,246,394,500,371,455,441,469,535,467,385,280,190,184,49,-118,-32,-56,-193,-154,-185,-208,-169,-159,-162,-250,-328,-271,-250,-304,-404,-508,-493,-433,-485,-506,-489,-496,-445,-445,-577,-707,-613,-654,-723,-742,-837,-770,-763,-838,-907,-829,-847,-757,-683,-774,-692,-618,-559,-601,-720,-669,-639,-605,-550,-624,-621,-481,-456,-557,-458,-538,-468,-215,-308,-260,-48,19,119,315,399,449,692,806,776,845,914,868,915,964,803,878,955,940,945,1009,1090,1099,1146,1231,1244,1189,1197,1197,1163,1118,962,909,802,739,684,499,466,491,392,281,188,181,263,256,235,211,320,425,539,625,660,748,899,842,784,879,1028,1086,1004,1129,1165,1105,1232,1270,1291,1335,1330,1303,1339,1237,1148,1223,1188,1058,966,995,909,651,505,359,236,168,17,-180,-292,-366,-480,-550,-678,-796,-919,-1118,-1286,-1488,-1804,-1977,-2159,-2261,-2369,-2496,-2508,-2567,-2657,-2718,-2617,-2539,-2579,-2572,-2513,-2421,-2332,-2236,-2069,-2025,-1938,-1822,-1653,-1502,-1448,-1354,-1226,-1198,-1061,-832,-625,-749,-738,-655,-709,-644,-676,-743,-679,-689,-599,-573,-574,-426,-482,-502,-466,-435,-390,-296,-303,-348,-243,-265,-295,-174,-118,-68,81,144,104,187,359,351,360,460,383,493,668,650,639,578,672,816,750,825,781,737,761,794,773,721,656,620,612,473,416,551,541,401,437,376,315,351,243,157,210,224,188,260,235,185,314,383,525,642,808,976,1096,1321,1405,1370,1604,1696,1500,1587,1583,1486,1630,1457,1373,1279,1155,1124,941,920,781,666,636,405,384,290,-18,-16,-83,-260,-356,-557,-584,-638,-889,-976,-945,-1000,-1105,-1099,-1079,-1069,-963,-957,-942,-856,-707,-545,-623,-564,-474,-405,-332,-331,-278,-172,-49,-68,-169,-138,-51,-29,-108,-238,-220,-243,-362,-360,-418,-376,-317,-309,-331,-360,-374,-290,-185,-223,-211,-95,-141,-48,78,60,85,100,107,206,263,231,49,58,66,-2,57,-121,-96,-149,-355,-314,-369,-301,-253,-331,-289,-302,-196,-109,-152,-195,-152,-150,-109,-141,-337,-359,-223,-270,-291,-243,-251,-139,-29,38,117,116,191,254,287,286,228,362,344,192,158,252,238,219,207,159,195,250,306,362,422,402,550,686,649,701,777,793,932,873,774,813,875,838,772,730,702,631,630,660,567,300,362,444,252,82,30,73,-38,-133,-76,-330,-283,-170,-360,-385,-295,-218,-223,-154,-123,-139,-86,-42,-74,-33,-50,-2,-9,-72,-28,-17,41,164,174,125,48,33,46,25,-74,-99,-8,-67,-114,-56,-83,-181,-172,-238,-281,-366,-236,-66,-230,-167,-223,-176,-99,-184,-221,-426,-521,-628,-802,-963,-1219,-1274,-1325,-1736,-1863,-2108,-2130,-1721,-1994,-2107,-1940,-2104,-2237,-1537,-1225,-1595,-1572,-1464,-1386,-1180,-1229,-1194,-1047,-1020,-993,-908,-787,-638,-718,-635,-521,-442,-316,-357,-362,-184,-78,-33,47,15,-15,68,157,173,291,238,282,419,324,421,456,473,650,588,642,720,714,882,957,1069,1092,1051,1265,1320,1305,1413,1529,1653,1706,1864,1960,2055,2258,2299,2422,2576,2679,2731,2778,2838,2863,2817,2781,2799,2823,2742,2696,2511,2418,2327,2084,2043,2040,1936,1773,1559,1301,1130,1060,879,543,456,396,266,187,83,37,45,3,32,17,43,74,53,108,61,129,205,93,94,40,-18,51,-122,-304,-271,-355,-365,-443,-585,-664,-640,-548,-708,-851,-853,-723,-626,-730,-788,-746,-745,-640,-623,-786,-908,-859,-891,-1034,-1154,-1308,-1352,-1367,-1524,-1579,-1641,-1765,-1751,-1825,-1897,-2037,-2110,-2120,-2214,-2260,-2424,-2312,-2227,-2311,-2309,-2245,-2122,-2049,-1844,-1742,-1706,-1485,-1346,-1133,-890,-856,-678,-360,-217,-165,-30,216,292,394,652,711,827,941,983,1120,1208,1232,1409,1369,1449,1574,1583,1688,1626,1465,1331,1201,1113,967,747,567,476,439,393,541,678,1029,1300,1568,1961,2276,2491,2298,1924,1607,1137,727,155,-432,-841,-1535,-2223,-2928,-3867,-4774,-5606,-6317,-6805,-7209,-7532,-7798,-8062,-8197,-8191,-8016,-7738,-7219,-6663,-6256,-5636,-5079,-4641,-4129,-3780,-3515,-3520,-3626,-3562,-3550,-3303,-3063,-2930,-2653,-1925,-1007,-29,1167,2320,3405,4542,5576,6417,7230,8057,8719,9074,9224,9076,8655,8061,7371,6603,5780,4969,4216,3388,2692,2094,1731,1491,1206,1085,1195,1540,1921,2001,1925,2130,2923,3926,4276,4083,3095,1273,86,684,1904,1225,-819,-2037,-1949,-1207,-626,-85,894,2578,4577,6345,7828,8848,9415,9723,9702,10125,11341,12551,13475,13982,14795,16945,19200,19801,18897,17685,16918,16288,15154,13073,10400,7956,5570,3131,706,-1887,-4550,-6897,-9100,-11377,-13601,-15849,-18373,-20769,-22782,-24870,-26678,-27957,-28944,-29238,-28899,-28330,-27161,-25475,-23532,-21304,-18705,-16174,-13385,-10476,-7810,-4925,-2244,177,2523,4578,6398,7963,9373,10442,11102,11595,11589,11484,11279,10589,9722,8699,7573,6491,5303,4036,2899,1838,810,-132,-1003,-1660,-2127,-2496,-2789,-2932,-2862,-2717,-2504,-2146,-1753,-1427,-844,-354,31,567,1049,1490,1880,2237,2419,2555,2756,2796,2738,2626,2396,2094,1832,1369,753,225,-355,-943,-1469,-1868,-2407,-3076,-3538,-3927,-4356,-4659,-4841,-5054,-5179,-5230,-5218,-5035,-4862,-4690,-4373,-4135,-3619,-2930,-2540,-2057,-1506,-1007,-383,102,488,983,1271,1529,1975,2488,2881,3090,3299,3733,4231,4430,4502,4613,4860,5178,5250,5260,5161,5016,5118,5018,4905,4740,4474,4348,4152,3898,3601,3303,3040,2792,2568,2173,1927,1652,1215,1032,677,255,-11,-314,-535,-827,-1039,-1283,-1420,-1475,-1627,-1817,-1953,-2116,-2212,-2292,-2446,-2546,-2625,-2669,-2650,-2612,-2591,-2585,-2500,-2392,-2159,-1994,-1880,-1703,-1395,-1168,-1095,-888,-798,-746,-678,-635,-508,-308,-203,-159,-108,-81,19,161,177,114,102,135,167,52,-84,-132,-119,-151,-224,-271,-416,-383,-337,-412,-320,-408,-509,-319,-360,-257,-111,-72,12,8,56,131,52,71,-40,-107,-176,-372,-387,-390,-468,-518,-441,-381,-443,-417,-519,-415,-381,-538,-575,-707,-615,-549,-718,-735,-823,-800,-742,-836,-793,-823,-764,-682,-708,-613,-546,-551,-517,-572,-556,-493,-521,-547,-623,-623,-672,-697,-536,-432,-516,-504,-451,-364,-359,-372,-292,-152,-51,42,122,159,282,424,588,596,609,845,971,973,1008,1000,1071,1018,839,984,1062,999,1077,1012,957,893,850,824,556,435,319,126,53,-158,-333,-376,-422,-390,-447,-502,-441,-457,-395,-377,-414,-367,-267,-116,-82,76,136,180,408,482,519,637,600,581,548,578,499,458,561,506,540,602,673,767,836,856,791,768,786,796,785,703,851,874,840,855,790,908,966,945,985,1037,1108,1053,1014,950,832,877,818,739,634,633,614,566,619,653,712,763,873,990,1042,1070,1113,1096,1099,1082,936,849,887,807,721,647,466,458,562,467,347,339,328,355,380,357,359,336,146,146,203,116,100,92,66,110,345,342,201,270,280,301,312,201,181,149,118,260,202,44,152,227,234,281,149,26,105,52,-83,-67,-194,-276,-298,-351,-425,-489,-554,-719,-863,-1014,-1118,-1163,-1133,-1196,-1260,-1369,-1473,-1411,-1490,-1572,-1618,-1650,-1614,-1502,-1358,-1366,-1134,-858,-767,-673,-708,-606,-513,-549,-598,-736,-669,-713,-777,-763,-915,-845,-718,-688,-750,-748,-753,-657,-654,-694,-679,-552,-461,-481,-402,-405,-436,-459,-662,-734,-727,-632,-428,-461,-454,-376,-240,-181,-292,-384,-518,-720,-759,-1005,-1217,-1174,-1255,-1260,-1135,-1074,-1043,-872,-724,-745,-693,-629,-760,-868,-916,-882,-691,-432,-365,-157,83,-28,30,161,104,7,-94,91,182,262,349,511,748,1011,1346,1507,1765,2044,2244,2435,2303,2215,2223,2013,1868,1790,1615,1679,1781,1687,1736,1730,1692,1652,1397,1173,1023,853,736,520,426,419,527,599,553,524,326,72,54,-149,-351,-276,-305,-278,-196,-318,-405,-393,-458,-543,-618,-820,-850,-902,-982,-1048,-1155,-1014,-1034,-975,-860,-908,-803,-737,-756,-634,-673,-540,-294,-221,-195,-182,91,391,547,765,1215,1783,1976,2007,1971,1870,2072,2151,1987,1825,1654,1531,1323,1135,1048,976,945,906,691,349,249,122,46,-28,-199,-158,-356,-512,-480,-520,-660,-804,-876,-984,-1013,-1108,-1250,-1174,-1222,-1232,-1082,-1012,-862,-724,-699,-728,-606,-486,-428,-226,-194,-150,59,-28,-113,-112,-57,41,-11,42,-5,132,431,473,523,571,562,667,798,633,342,223,30,-155,-241,-298,-115,-41,-143,-109,-133,-129,-137,-219,-374,-556,-690,-967,-1094,-1013,-1060,-850,-703,-749,-656,-622,-632,-848,-999,-1208,-1345,-1293,-1344,-1364,-1015,-882,-907,-862,-887,-901,-1031,-1109,-1283,-1551,-1608,-1540,-1366,-1226,-985,-835,-797,-527,-403,-373,-419,-618,-481,-266,-194,-43,37,56,74,110,127,164,360,421,432,638,624,700,650,433,180,-149,-228,-432,-690,-861,-928,-814,-711,-518,-251,-52,204,105,0,156,60,-74,-27,14,252,612,798,899,935,944,1013,873,740,699,692,755,834,865,861,771,681,773,899,922,832,753,752,643,555,437,197,186,418,400,439,607,815,1081,1134,1049,894,884,760,582,490,359,468,601,658,673,561,630,516,339,782,973,798,813,745,907,815,621,750,493,69,48,-90,-42,42,-130,50,373,528,754,874,813,810,909,839,650,556,437,519,652,742,928,1129,1111,1074,1056,922,865,764,351,294,118,-143,-291,-625,-785,-1069,-1171,-923,-818,-628,-740,-1005,-797,-613,-730,-892,-746,-498,-331,-101,-155,-236,-326,-646,-593,-522,-494,-356,-448,-351,-98,-28,20,-39,-149,-369,-690,-924,-1005,-1046,-1042,-934,-894,-828,-848,-827,-669,-753,-817,-672,-699,-741,-645,-720,-701,-623,-658,-555,-543,-437,-443,-603,-742,-851,-1008,-1026,-913,-846,-745,-558,-494,-332,-191,-269,-416,-364,-361,-433,-457,-402,-312,-143,-24,-101,-111,-108,-33,-185,-439,-561,-760,-882,-847,-873,-726,-583,-543,-288,-133,-42,117,283,327,277,157,-29,-49,15,-67,10,158,307,389,333,329,195,18,-126,-256,-167,45,375,779,1028,1329,1289,1230,1145,748,463,162,-126,-144,-218,-63,286,438,693,770,713,600,414,215,33,-73,-378,-624,-668,-795,-791,-682,-668,-601,-379,-164,100,339,339,194,179,83,-82,-224,-245,-118,-189,34,188,165,325,374,504,628,685,867,921,922,885,666,505,402,346,383,392,307,63,-205,-287,-364,-335,-161,35,150,34,-156,-444,-536,-528,-936,-1356,-1496,-1582,-1587,-1602,-1647,-1716,-1873,-1983,-2130,-2198,-2121,-2156,-2196,-2261,-2501,-2649,-2800,-3097,-3292,-3768,-4184,-4398,-4560,-4669,-4822,-5445,-7520,-10835,-13761,-13679,-11735,-12510,-14979,-14244,-11333,-8341,-3788,2465,8297,12513,15270,17768,21070,25858,30925,32766,32468,32213,31547,29516,27165,23782,18451,12790,7551,2998,-328,-2734,-4689,-6516,-8161,-9384,-10234,-10805,-11303,-11621,-11803,-11875,-11722,-11486,-11138,-10400,-9479,-8801,-8210,-7517,-6998,-6474,-5938,-5515,-5267,-4894,-4507,-4056,-3461,-3001,-2265,-1311,-448,464,1497,2286,2886,3455,3806,4306,4766,4930,5093,5189,5085,4906,4577,4143,3561,2805,2032,1194,229,-725,-1648,-2433,-3327,-4336,-5084,-5644,-6144,-6577,-6935,-6755,-6339,-6038,-5550,-5071,-4610,-4326,-4509,-4960,-5540,-6106,-6685,-6887,-6849,-7100,-7226,-7361,-7247,-6749,-6109,-5318,-4609,-3539,-2158,-528,1407,3009,4315,5529,6770,7956,8677,9030,9192,9310,9402,9309,9188,9085,8831,8681,8618,8467,8283,7995,7563,7033,6655,6396,5952,5602,5122,4902,4760,4499,4244,3844,3721,3449,3017,2900,2489,2156,2058,1689,1283,863,549,372,161,-17,-86,9,20,-159,-235,-279,-284,-408,-866,-1202,-1558,-1903,-2072,-2319,-2326,-2205,-2407,-2620,-2815,-2983,-3088,-3216,-3221,-3420,-3689,-3703,-3562,-3554,-3441,-3284,-3232,-2989,-2784,-2533,-2298,-2330,-2377,-2422,-2351,-2109,-1992,-2043,-2001,-1872,-1770,-1510,-1294,-1025,-809,-502,-409,-125,311,326,260,280,348,443,472,408,311,261,181,215,199,81,249,398,390,276,126,-203,-613,-801,-1120,-1424,-1466,-1313,-1355,-1319,-1265,-1197,-1072,-1080,-1130,-1358,-1531,-1404,-1438,-1450,-1412,-1340,-1166,-893,-531,-347,-249,-90,151,452,626,692,539,749,930,843,1396,1829,1891,2129,2175,2318,2399,2179,1825,1604,1587,1539,1542,1740,2016,2227,2601,2956,2984,2786,2596,2611,2617,2119,1319,1452,1463,1375,1659,1492,1557,1591,1414,1299,1072,783,449,237,26,-311,-312,-331,-404,-431,-690,-928,-985,-1091,-1041,-1060,-1037,-950,-896,-971,-975,-926,-755,-850,-996,-875,-811,-918,-1094,-1262,-1302,-1047,-809,-716,-576,-381,-148,-4,201,238,45,85,7,-81,-57,-63,142,333,365,388,242,246,573,636,591,532,546,641,547,449,190,-192,-506,-945,-884,-840,-1132,-1128,-1190,-1303,-1272,-1231,-1077,-1058,-1056,-948,-957,-864,-985,-1101,-1125,-1071,-975,-1051,-1065,-1129,-1139,-1007,-1061,-906,-791,-622,-385,-359,-333,-243,-205,-235,-243,-486,-624,-528,-427,-396,-385,-427,-421,-337,-377,-261,-250,-193,-3,109,177,105,179,29,-108,-63,-177,-153,-171,-284,-229,-106,-46,-34,-72,-215,-304,-268,-378,-522,-443,-504,-381,-150,-86,-11,20,15,-18,-104,-247,-487,-710,-749,-643,-617,-546,-336,-155,-165,-90,-122,-83,-118,-141,-45,-112,-56,-8,-76,-45,-63,-22,56,175,381,527,739,833,725,668,600,632,603,402,255,304,382,459,334,273,200,67,-112,-489,-644,-637,-444,-240,-167,179,405,517,563,349,389,480,515,612,553,437,235,278,393,500,632,545,659,546,582,818,791,761,770,777,1037,1071,1126,1027,878,930,668,483,432,133,-53,-256,-241,-148,-193,-143,-140,-10,122,46,-2,115,290,386,395,471,405,465,465,236,113,-39,-61,-54,87,343,522,645,597,446,492,532,507,607,549,464,425,486,647,724,686,616,627,517,346,274,163,-53,-108,-101,-169,-72,59,123,-13,-242,-568,-722,-857,-1113,-1143,-1229,-1248,-1158,-1197,-1021,-889,-837,-802,-884,-1001,-1149,-1116,-1100,-1127,-1162,-1200,-1097,-952,-865,-811,-751,-662,-595,-595,-741,-792,-701,-735,-719,-606,-516,-342,-110,-37,0,-89,-70,16,-142,-254,-329,-197,143,254,484,728,845,924,897,814,483,371,150,-235,-260,-328,-311,-128,53,146,54,115,165,37,64,-15,82,176,161,349,382,396,470,433,308,281,333,415,647,848,843,963,1020,1030,1226,1265,1237,1299,1337,1426,1477,1556,1736,1762,1765,1737,1616,1651,1722,1628,1649,1752,1780,1782,1776,1774,1659,1639,1735,1637,1515,1364,1301,1326,1103,837,746,625,464,226,72,354,562,709,999,1106,1121,972,658,489,237,-7,-134,-494,-731,-1162,-1550,-1697,-1810,-1745,-1682,-1448,-1197,-1015,-900,-952,-1019,-1047,-1125,-1159,-1133,-1148,-863,-598,-502,-351,-226,-124,-257,-465,-787,-879,-823,-1017,-862,-653,-611,-501,-558,-650,-607,-601,-497,-311,-253,-368,-464,-522,-751,-888,-1068,-1370,-1520,-1612,-1639,-1547,-1508,-1343,-1134,-1159,-1217,-1250,-1246,-1411,-1886,-2193,-2419,-2706,-2657,-2685,-2692,-2305,-1929,-1631,-1427,-1264,-1153,-1153,-1394,-1640,-1780,-1714,-1517,-1341,-932,-685,-373,-65,4,5,-119,-112,-63,-21,-43,-79,-76,-145,-41,36,23,115,202,187,260,432,351,398,518,380,500,595,602,617,546,396,381,518,553,579,703,934,1210,1339,1284,1144,1069,921,860,815,765,962,1079,1061,1255,1257,1326,1438,1318,1161,961,971,1122,1045,945,893,948,948,787,513,313,501,547,585,609,478,559,659,507,417,315,259,289,231,238,214,335,395,313,386,455,352,153,-33,-53,-121,60,176,102,99,-22,-80,-156,-306,-277,-389,-260,-29,-240,-323,-273,-404,-272,-230,-304,-111,47,26,8,-73,-69,172,300,392,475,394,496,614,644,752,892,1060,1148,1101,1240,1374,1404,1536,1492,1434,1492,1456,1407,1430,1386,1299,1413,1649,1747,1873,2014,1958,1879,1678,1364,1178,1117,1093,970,826,824,847,1039,1232,1110,972,646,504,193,-194,-273,-304,-169,-139,-118,9,235,448,394,308,106,3,117,76,-79,-63,60,144,196,131,12,186,250,152,24,-205,-346,-475,-467,-498,-583,-644,-812,-1140,-1485,-1754,-2067,-2211,-2519,-2717,-2518,-2464,-2210,-2036,-2128,-1898,-1791,-1879,-1720,-1754,-1782,-1719,-1793,-1699,-1633,-1677,-1686,-1589,-1533,-1363,-1103,-851,-573,-462,-331,-456,-742,-792,-970,-1081,-1070,-1124,-1014,-989,-855,-691,-739,-756,-827,-952,-1054,-916,-911,-999,-909,-929,-1068,-940,-799,-789,-678,-616,-574,-657,-853,-1075,-1162,-1186,-1391,-1535,-1634,-1601,-1348,-1273,-1069,-907,-740,-469,-628,-827,-1028,-1036,-825,-761,-568,-422,-107,276,349,450,551,542,494,412,332,347,420,630,845,987,1072,1059,1007,861,908,1074,1049,1140,1243,1214,1312,1442,1468,1537,1513,1370,1240,1165,1014,983,1091,972,959,1073,1146,1106,1021,922,779,725,599,509,416,325,462,554,607,587,696,687,697,766,782,800,672,458,373,304,49,-105,-2,134,213,327,440,387,277,108,21,-28,-259,-305,-158,-190,-46,186,195,298,267,303,268,169,274,291,390,582,740,949,1062,994,895,764,610,335,214,284,436,829,1167,1418,1427,1357,1277,851,761,772,597,896,1232,1327,1406,1606,1850,1847,1961,2094,2080,2165,2196,2102,2081,2093,2014,1895,1607,1176,978,813,717,732,662,593,538,483,307,-1,-106,-161,-383,-559,-572,-694,-721,-787,-964,-1152,-1288,-1283,-1230,-1444,-1566,-1512,-1441,-1353,-1403,-1496,-1479,-1535,-1555,-1462,-1411,-1098,-896,-839,-789,-733,-638,-758,-857,-751,-949,-975,-891,-776,-538,-408,-216,-91,-150,-110,-69,-23,81,93,129,329,385,504,634,735,892,906,783,701,615,537,664,914,1062,1028,995,1164,1260,1309,1287,1087,1138,1205,1047,991,1039,1278,1510,1680,1807,1854,2009,2048,2106,2160,2196,2268,1972,1614,1766,1989,2021,1988,1747,1398,896,231,-321,-787,-1357,-1821,-2281,-2717,-3045,-3615,-4240,-4748,-5345,-5976,-6267,-6387,-6563,-6526,-6327,-6424,-6252,-6073,-6204,-6287,-6391,-6552,-6774,-7008,-7104,-7181,-7178,-6992,-6773,-6756,-6645,-6248,-5924,-5467,-4939,-4263,-3529,-2853,-2006,-1097,-170,587,1269,1956,2513,3130,3728,4297,4563,4656,5155,5825,6438,6685,6646,6482,6261,5975,5818,5778,5686,5354,5085,4646,4153,4547,5517,4694,2259,416,-319,-508,-1230,-2285,-2895,-3153,-3617,-3939,-3750,-3989,-4541,-4315,-2769,-1121,161,1349,2567,3710,4884,6594,9275,12732,15801,17717,18463,18342,17694,16913,16079,15180,14546,13990,13638,13205,12481,11972,11377,10461,9125,7392,5495,3192,702,-1931,-4635,-7032,-9442,-11596,-13312,-14894,-16046,-16800,-17170,-17352,-17579,-17436,-17186,-16583,-15641,-14986,-14010,-12863,-11951,-10892,-9884,-8932,-7971,-7236,-6656,-6140,-5497,-4805,-4148,-3461,-2892,-2366,-1736,-1383,-1238,-1238,-1353,-1459,-1471,-1467,-1491,-1461,-1301,-1111,-963,-895,-741,-517,-369,-191,38,270,544,900,1151,1378,1813,2164,2539,3053,3340,3482,3590,3896,4140,4276,4644,5171,5705,6157,6367,6390,6268,6158,6023,5632,5295,4885,4435,3929,3318,2851,2287,1576,787,-39,-758,-1552,-1999,-2350,-2994,-3565,-4231,-4709,-4939,-5256,-5256,-5295,-5348,-5094,-4875,-4420,-3820,-3370,-2880,-2572,-2192,-1874,-1399,-923,-610,-92,417,930,1468,1791,2175,2485,2819,3209,3405,3576,3681,3869,4027,3936,3774,3631,3660,3693,3546,3489,3509,3509,3565,3302,2840,2565,2562,2423,2038,1766,1474,1424,1398,1096,916,857,658,613,382,154,-5,-9,-6,-228,-216,-232,-196,-80,-241,-443,-608,-711,-721,-624,-629,-701,-496,-279,-374,-450,-630,-845,-865,-879,-1047,-1061,-866,-955,-1086,-1054,-1093,-1029,-1061,-1178,-831,-584,-387,-106,-82,29,9,108,163,-81,41,77,47,27,-49,45,234,550,926,1213,1351,1293,1243,1131,846,605,503,606,723,672,691,819,864,791,600,246,-46,-239,-413,-656,-786,-779,-740,-590,-394,-289,-261,34,181,183,200,-9,-30,24,-124,-216,-257,-98,14,-169,-344,-424,-492,-583,-759,-948,-916,-650,-560,-545,-443,-454,-391,-388,-582,-803,-865,-669,-733,-655,-581,-673,-377,-366,-449,-410,-475,-407,-512,-709,-711,-710,-463,-410,-472,-220,-386,-562,-557,-734,-822,-966,-1039,-992,-942,-688,-583,-361,-185,-271,-287,-363,-369,-266,39,153,92,318,434,498,377,230,209,106,116,169,259,354,464,474,486,571,534,365,161,197,370,483,686,870,919,931,938,763,518,354,198,62,-13,30,-16,48,161,141,177,104,-29,-136,-381,-665,-824,-974,-1084,-1048,-927,-700,-460,-269,-26,26,94,100,160,257,295,423,544,778,1076,1112,1286,1291,1248,1367,1241,1151,1108,958,794,774,716,616,767,864,953,1011,978,1281,1286,954,782,662,676,789,889,956,864,833,643,351,257,25,-149,-211,-214,-49,-107,-166,-226,-381,-647,-852,-838,-924,-1007,-1002,-1063,-1126,-947,-810,-703,-467,-383,-261,-272,-303,-378,-353,-367,-557,-478,-407,-236,82,146,234,329,478,555,609,840,802,794,952,974,1087,1005,923,833,638,513,429,542,533,522,511,271,66,-27,-227,-384,-452,-365,-369,-412,-277,-245,-262,-401,-650,-817,-1002,-896,-781,-689,-578,-640,-639,-600,-714,-606,-598,-595,-595,-588,-298,-171,-310,-414,-635,-781,-960,-887,-831,-906,-754,-815,-697,-627,-836,-880,-905,-956,-954,-1215,-1368,-1473,-1428,-1276,-1292,-1115,-1000,-774,-531,-531,-506,-340,-120,-188,-92,53,189,582,679,582,627,631,700,722,797,772,806,950,1017,1163,1186,1228,1255,1245,1298,1202,1046,978,919,757,513,494,496,507,338,156,183,111,197,257,232,186,28,-114,-143,-231,-173,-126,-192,-31,100,156,366,250,-34,-263,-605,-1017,-1385,-1533,-1591,-1601,-1379,-1102,-872,-674,-672,-460,-230,-323,-445,-565,-439,-253,-293,-27,366,540,727,719,695,689,621,580,481,476,431,459,687,863,993,1163,1331,1546,1467,1247,1062,853,530,385,358,391,718,959,866,744,714,792,979,986,724,556,606,591,535,642,637,571,680,714,713,700,541,552,360,35,-199,-217,-13,59,-12,-74,-60,75,159,168,110,54,-59,-348,-559,-739,-767,-538,-329,-164,152,164,258,384,295,266,248,277,238,194,147,6,-63,-222,-317,-390,-386,-190,-179,-123,1